43 21 41
5 15 34
25 12 4
13 22 49
46 27 44
6 19 17
51 4 5
17 21 40
5 29 24
3 47 36
20 41 12
17 50 39
14 46 14
28 50 31
12 23 21
35 29 21
26 13 5
48 14 51
39 9 42
24 40 50
27 26 9
13 24 4
49 15 48
5 41 34
18 21 3
9 31 44
22 10 16
29 15 48
36 13 41
12 13 15
36 17 31
19 21 50
5 21 50
42 8 1
3 17 36
12 45 19
44 31 34
6 4 44
41 9 27
34 50 11
45 10 26
11 30 7
51 19 51
10 5 45
25 7 15
44 14 6
31 15 41
7 9 23
44 2 35
43 24 35
7 38 6
26 20 36
11 46 18
51 14 18
5 48 17
43 10 44
15 4 13
12 11 18
22 8 39
31 1 4
5 11 6
50 45 4
48 48 36
20 41 43
29 48 39
51 30 29
2 50 2
29 21 11
25 9 30
34 36 18
15 12 4
19 44 25
24 6 41
23 34 47
47 27 36
15 29 7
10 20 1
5 43 51
2 19 40
10 37 11
42 46 34
39 39 15
28 18 12
28 7 13
23 46 33
34 48 26
38 4 7
49 37 2
14 49 14
28 46 50
24 44 2
29 39 3
32 26 8
20 36 38
5 37 39
9 28 2
2 20 30
44 33 16
49 13 33
43 43 23
50 47 7
10 15 24
30 5 19
38 44 39
7 22 28
19 29 5
17 3 6
13 13 22
9 5 41
18 49 2
51 49 5
32 9 47
40 6 26
5 4 46
1 48 19
33 50 37
51 9 45
35 16 24
3 1 14
19 6 43
38 32 34
39 31 27
3 28 1
33 32 29
49 11 35
10 10 34
25 38 28
3 45 6
17 18 24
16 23 7
20 44 6
2 33 45
27 10 12
43 44 20
2 14 3
36 13 44
5 35 47
24 45 40
1 6 14
34 14 47
29 11 34
16 49 2
21 47 22
36 19 33
33 41 32
44 20 12
46 25 10
31 5 8
25 11 7
49 8 44
28 38 11
9 8 19
8 1 3
27 40 48
26 22 19
23 11 28
10 28 33
32 8 1
8 41 34
6 44 47
51 21 6
31 41 30
29 39 22
31 33 27
45 41 34
7 7 5
23 16 47
9 34 20
21 5 2
22 31 30
3 24 4
11 29 23
45 33 20
36 30 16
36 6 9
39 44 2
10 21 21
34 21 50
36 33 10
18 36 47
34 20 12
15 16 41
41 3 39
26 35 17
42 42 47
19 41 29
32 29 34
37 5 8
9 27 20
30 48 9
32 1 8
8 15 51
5 14 5
45 34 20
51 37 30
4 16 44
50 36 48
26 45 6
10 16 35
3 11 51
46 37 47
4 7 20
7 6 8
16 35 32
23 23 20
40 11 20
3 42 13
38 28 42
30 26 3
5 37 12
30 15 45
21 25 40
8 23 28
41 8 49
49 47 10
27 24 14
49 41 8
49 15 3
40 29 50
40 38 14
10 36 13
11 34 19
14 1 24
32 28 40
44 13 40
36 30 10
21 36 21
32 44 26
50 33 48
15 42 29
31 48 21
33 39 51
32 41 8
34 48 45
3 12 39
32 43 43
35 5 3
27 7 39
18 19 34
34 5 42
51 47 6
21 28 14
39 33 28
4 41 28
5 19 7
39 7 7
11 35 48
1 40 27
25 27 1
49 15 14
43 26 42
18 44 27
29 39 14
25 11 11
21 18 42
50 11 40
6 48 5
11 45 20
21 20 48
23 34 31
19 22 31
30 47 1
10 44 15
19 7 3
48 39 21
19 51 30
12 31 28
6 6 27
5 37 11
45 30 47
8 15 26
28 35 26
42 41 24
36 13 44
50 35 11
36 39 49
9 51 43
45 37 27
28 27 7
29 32 22
4 17 39
12 39 14
28 51 11
37 39 51
23 44 15
45 48 13
40 47 47
47 45 45
51 22 14
40 35 14
25 26 30
42 26 11
6 42 27
22 2 47
3 6 7
15 30 7
31 3 18
26 17 38
38 20 44
45 33 32
24 23 39
49 40 51
5 30 15
41 39 35
51 46 24
28 11 8
44 26 4
42 6 29
13 22 36
6 17 15
33 20 35
26 10 4
1 33 38
11 42 25
10 50 24
43 26 43
43 8 23
15 24 27
43 7 18
51 5 47
14 4 41
29 22 51
4 29 23
39 49 12
25 11 25
32 1 13
46 21 5
49 35 49
46 2 27
47 10 44
6 12 12
1 35 6
6 9 30
27 34 28
44 25 33
31 28 6
42 5 4
24 10 22
15 46 45
44 13 34
10 13 43
26 4 41
22 15 29
5 13 22
32 5 16
9 30 4
30 30 14
5 40 11
25 15 4
20 12 43
6 19 36
49 28 17
34 49 19
43 4 5
48 6 20
25 3 29
13 38 16
10 42 11
13 21 21
31 30 45
41 17 1
12 1 6
31 27 44
30 15 15
49 4 5
37 27 39
4 22 31
29 42 20
11 11 29
18 33 29
4 12 19
45 45 50
46 2 33
22 34 21
39 51 9
31 41 9
13 46 29
29 9 41
10 30 18
20 11 44
35 18 40
28 37 10
40 14 20
25 49 30
4 43 31
10 46 6
35 17 4
13 6 17
27 36 14
40 10 28
47 36 38
6 10 1
45 22 9
25 33 3
4 51 48
38 32 22
32 11 40
5 24 22
44 23 35
39 27 26
33 39 30
10 19 29
51 49 29
41 45 11
11 29 25
4 39 49
24 49 31
28 36 36
42 41 42
41 19 22
47 50 17
22 42 23
43 39 26
25 4 13
42 27 23
23 14 46
31 45 44
35 10 36
6 10 36
3 24 49
18 9 18
22 10 46
5 15 42
43 31 12
21 9 50
39 33 37
48 3 26
20 4 50
20 14 34
51 32 12
51 13 48
15 24 3
36 29 6
28 5 10
6 30 20
38 8 32
11 18 3
38 21 40
3 30 12
3 42 48
5 21 17
47 25 45
22 46 8
2 43 39
48 14 51
1 31 19
11 38 6
30 28 26
34 27 7
13 14 42
29 12 30
39 23 43
4 3 17
12 26 44
44 13 49
15 16 13
3 47 47
16 22 49
36 13 1
1 23 30
29 2 29
17 39 24
15 8 20
21 19 26
47 22 1
38 35 12
7 36 17
1 26 25
46 49 33
28 35 47
17 19 8
19 29 38
40 36 36
6 43 27
44 41 27
50 12 46
51 31 2
28 7 40
46 32 7
24 51 44
43 35 28
36 34 14
17 14 12
36 36 27
19 25 18
42 16 39
39 48 41
20 25 14
48 43 42
33 39 33
48 14 21
24 4 18
46 27 20
8 20 28
41 47 1
29 46 27
26 46 16
3 3 4
37 22 22
50 12 33
24 47 5
39 44 39
14 3 9
24 27 36
5 7 16
7 34 46
51 29 50
43 35 37
1 24 1
40 50 23
20 42 47
23 31 34
46 18 33
47 39 28
42 2 2
7 5 42
16 47 6
38 9 8
6 2 34
24 34 29
2 38 13
34 3 14
46 16 17
49 23 13
23 47 45
15 24 37
50 42 20
8 28 12
46 30 16
42 27 25
29 42 51
16 35 18
4 48 18
25 19 39
37 49 13
26 24 31
15 24 30
37 42 40
16 21 47
22 42 13
5 40 29
24 10 31
50 40 31
18 37 10
20 27 43
10 29 20
20 24 3
25 31 2
30 17 18
15 35 48
30 16 18
34 13 49
12 20 45
11 12 9
1 47 42
40 14 29
11 17 17
36 33 8
18 3 7
9 5 6
13 50 46
9 40 21
9 32 18
27 5 35
47 40 43
24 6 26
40 14 28
30 27 9
31 46 48
18 19 24
45 12 30
41 16 29
13 31 6
40 20 23
9 31 22
40 28 7
11 3 8
19 25 16
2 14 51
21 30 31
31 51 32
11 2 6
3 32 4
44 49 7
8 39 1
16 47 25
50 17 48
11 16 17
39 3 44
23 22 15
14 24 15
22 12 31
31 8 4
50 41 44
43 3 48
16 16 34
30 2 6
10 47 51
6 51 38
4 41 44
36 8 37
21 41 40
18 33 14
11 16 21
15 31 38
8 10 48
21 48 18
46 23 51
13 48 32
25 14 51
11 45 25
30 3 41
9 50 33
48 2 19
38 40 37
17 19 44
17 15 49
48 48 7
42 6 44
41 30 31
12 20 21
48 35 20
40 47 34
49 36 30
35 21 11
1 23 35
43 26 8
50 46 35
46 47 24
29 9 12
19 9 13
41 16 45
19 23 15
11 24 30
17 36 33
13 51 5
5 35 27
32 21 39
37 11 36
6 14 33
37 34 12
1 5 1
24 20 40
50 29 41
44 16 5
9 20 48
4 5 21
46 25 35
8 18 39
11 22 5
36 49 47
41 23 43
33 43 31
38 46 25
18 46 1
23 38 13
3 45 42
38 16 38
50 9 18
6 4 17
37 48 24
14 3 48
39 39 27
6 21 19
7 29 50
15 1 23
21 22 24
31 11 10
50 42 20
19 42 8
11 34 40
46 23 4
5 20 21
18 6 4
1 7 28
48 2 28
18 36 37
49 27 30
25 46 48
10 49 31
2 1 19
28 17 15
12 1 42
2 32 25
12 15 38
26 8 33
14 28 32
14 36 30
34 6 32
36 33 37
14 26 36
35 12 16
46 38 23
20 43 30
48 2 30
8 8 28
17 18 41
6 4 3
3 8 10
11 7 42
14 44 28
9 18 31
30 12 3
50 50 3
30 31 11
24 36 3
24 22 41
38 6 6
29 36 23
16 26 51
16 34 7
15 6 22
45 42 12
22 31 46
40 40 1
48 31 7
38 15 42
48 27 38
1 29 19
31 20 6
15 16 3
5 3 41
33 2 36
42 22 23
50 9 15
39 44 30
1 7 32
50 19 41
51 14 46
36 20 43
42 4 49
34 27 43
22 18 46
42 20 23
39 9 14
39 9 17
32 21 45
41 49 18
33 33 47
30 10 17
9 27 33
29 44 19
39 40 15
22 41 50
36 37 19
29 12 7
41 3 27
30 23 35
11 14 12
14 50 29
38 45 3
27 21 32
49 7 46
28 26 13
47 18 34
18 48 26
49 31 18
21 2 1
12 44 27
45 26 41
12 23 50
40 37 8
43 40 51
13 17 24
16 49 17
2 16 11
23 30 16
26 39 1
35 31 29
14 1 49
43 18 19
38 43 4
2 22 45
6 5 32
11 36 49
47 13 50
37 9 10
41 37 42
27 38 25
28 2 18
19 39 51
6 14 34
50 28 32
36 20 40
31 33 50
19 43 36
13 13 35
41 43 9
4 44 42
12 9 31
43 39 10
36 13 21
48 41 3
27 5 8
38 41 23
5 7 14
37 43 43
48 44 20
21 33 10
42 44 43
44 49 6
51 2 40
17 50 51
17 40 33
3 15 9
36 32 46
41 22 21
31 12 11
3 19 33
25 14 39
14 12 25
28 31 35
7 37 7
10 12 42
34 26 27
26 38 4
34 48 1
44 10 51
15 51 4
12 12 30
43 6 20
9 11 15
37 19 5
50 31 36
26 42 33
3 34 20
43 46 16
31 22 36
28 18 3
24 42 24
46 29 14
15 26 50
19 1 11
28 48 6
16 14 11
36 33 15
45 27 39
42 15 13
18 19 38
48 49 39
4 41 48
6 17 33
10 30 30
28 44 21
31 5 37
38 36 9
40 41 20
11 39 43
10 42 13
24 43 27
44 28 6
47 21 36
43 31 39
46 7 50
26 26 33
8 44 33
45 41 48
17 3 24
9 42 12
11 11 51
17 40 7
50 38 31
1 44 15
46 44 50
15 2 46
44 43 22
36 39 2
30 27 46
22 20 1
6 46 45
45 37 51
37 12 33
11 22 38
20 14 29
23 20 14
34 38 17
17 30 25
25 29 38
7 49 47
9 20 5
37 7 27
26 24 45
16 50 48
5 41 51
5 8 44
27 26 20
3 45 47
44 18 33
25 45 13
4 47 18
42 25 6
7 7 32
36 25 3
49 19 9
11 26 23
30 28 4
17 24 9
15 6 7
19 25 44
51 51 35
15 21 36
22 24 51
2 49 42
22 15 48
21 29 32
51 17 21
22 48 12
5 41 43
49 48 28
33 24 17
6 45 35
23 50 23
3 4 23
21 26 6
35 48 7
39 34 42
30 32 1
7 11 25
40 16 18
14 15 12
14 35 26
34 26 51
8 50 18
30 22 33
28 16 50
22 33 4
19 28 34
14 2 41
14 29 26
26 5 23
22 4 6
45 38 36
43 43 27
18 39 50
23 20 16
7 3 15
47 45 26
14 41 23
6 44 26
47 19 1
32 12 25
7 31 7
14 1 33
7 26 10
10 24 8
17 9 46
33 51 20
37 46 7
18 18 23
10 3 17
20 19 3
23 29 19
14 27 48
1 46 23
27 9 21
34 47 2
37 2 20
8 44 37
17 16 21
31 31 25
12 8 21
50 41 41
34 44 41
51 49 11
30 31 38
27 49 46
13 27 15
45 11 23
9 51 14
24 23 12
15 46 38
34 36 16
15 48 14
46 9 40
3 49 1
2 44 47
3 28 15
38 19 6
46 19 25
15 24 50
47 6 24
31 21 9
50 38 51
15 20 12
38 28 30
43 33 35
23 35 7
50 24 12
9 40 14
42 6 43
13 38 48
37 48 26
1 2 13
15 47 43
11 10 41
2 27 1
11 39 51
9 33 2
9 23 32
42 49 36
